20
536 749 776
20
55 10 724
122 264 654
10 980 98
494 242 170
159 814 813
615 278 95
251 298 381
310 43 52
735 913 69
195 29 266
15 324 268
12 831 11
19 148 12
30 323 24
417 186 702
799 890 338
79 615 470
540 62 142
206 132 220
347 15 916
393 821 883
20
389 586 269
363 927 476
156 65 852
92 924 146
40 332 572
205 135 101
69 62 351
156 849 10
35 18 438
355 39 774
478 477 442
59 744 795
188 213 136
11 712 410
703 728 365
91 960 333
36 157 517
880 71 23
253 46 520
924 39 79
292 264 512
20
909 302 261
705 597 823
291 51 126
28 697 57
593 31 826
311 256 57
292 14 47
29 730 716
12 529 146
768 16 439
37 472 15
350 192 34
163 468 238
69 173 10
203 72 690
424 875 213
223 593 292
151 46 10
88 90 16
773 653 711
828 683 564
20
526 612 937
85 194 532
729 56 190
29 46 518
363 18 134
60 741 529
321 353 874
90 376 71
11 391 83
52 179 772
832 292 690
524 434 459
571 38 10
32 415 58
96 352 802
47 848 436
980 73 621
174 60 10
60 339 250
64 39 423
292 381 558
20
10 38 218
12 148 673
10 471 330
844 732 240
406 298 322
691 617 121
752 545 241
410 301 823
155 641 273
955 165 121
84 320 64
56 60 93
18 48 239
928 925 34
308 625 182
13 13 701
630 13 212
124 304 913
289 242 458
696 822 421
212 742 882
20
60 808 88
705 10 132
473 456 113
599 186 220
182 932 34
31 10 719
132 843 813
383 223 950
326 68 61
909 564 74
32 175 784
305 20 62
280 193 919
746 96 441
97 209 10
315 989 764
320 37 281
773 852 44
11 920 679
371 540 596
771 534 961
20
291 72 444
15 249 256
192 25 311
325 131 10
66 10 67
969 135 19
360 43 129
187 104 756
105 226 694
179 41 837
359 762 422
278 241 278
534 53 29
314 123 740
820 299 60
562 920 100
17 16 211
11 64 16
125 562 929
661 269 546
100 100 100
1
100 100 100
868 903 789
20
12 103 782
696 535 181
632 98 10
154 74 998
10 240 300
95 10 698
26 196 686
384 930 414
12 163 161
163 38 440
422 15 637
355 25 10
740 26 930
277 740 302
328 129 135
20 714 250
39 730 61
822 578 333
639 23 10
485 16 75
737 308 815
20
11 117 72
13 23 13
220 939 229
215 852 88
20 563 36
544 713 524
98 626 333
15 401 270
35 232 110
546 458 955
25 351 194
27 239 494
675 206 38
40 107 844
16 69 753
431 504 123
33 10 11
938 82 14
151 186 974
230 174 22
658 874 116
20
201 149 224
18 834 789
41 90 23
28 615 25
435 144 568
777 41 921
129 375 447
256 804 531
439 63 10
223 324 105
54 204 977
669 10 66
23 99 12
132 600 90
302 77 38
354 406 307
328 182 53
14 203 633
914 978 14
300 15 542
100 100 100
5
40 70 30
30 10 40
20 20 50
10 50 90
40 10 20
740 805 935
20
671 884 37
365 527 774
619 185 48
333 125 542
355 739 513
299 249 12
238 247 668
10 365 122
15 744 212
992 709 806
20 368 520
889 217 399
528 547 355
314 24 215
130 363 807
441 556 923
477 124 172
528 95 447
389 129 289
36 12 620
905 801 686
20
96 702 733
255 767 766
813 66 80
561 418 216
37 778 95
765 818 433
869 761 45
270 635 304
623 356 44
871 407 13
12 303 607
972 148 951
374 280 16
179 191 583
38 552 19
22 91 66
243 981 10
13 171 864
91 11 129
168 728 757
459 394 656
20
42 63 382
96 248 26
81 18 126
17 232 81
683 539 847
642 336 827
449 20 400
50 57 835
23 301 69
564 917 28
647 366 151
532 768 739
812 402 741
139 237 804
55 148 357
173 84 184
284 92 851
646 18 568
318 656 760
313 12 79
201 548 847
20
216 624 923
662 104 10
910 123 865
577 48 802
109 200 929
411 12 198
162 13 43
544 150 494
156 746 353
146 25 126
50 42 16
747 210 189
244 40 83
368 16 942
606 203 442
13 908 775
276 35 401
384 559 659
657 43 216
29 210 622
588 838 678
20
314 743 943
659 696 10
10 10 352
223 53 91
733 594 19
384 64 487
15 11 770
569 639 471
590 613 747
777 99 217
12 666 132
396 456 914
186 72 157
505 952 153
143 56 197
380 988 876
869 213 672
76 388 744
68 504 684
833 56 709
826 133 225
20
109 598 886
630 811 280
463 241 444
101 746 10
14 847 927
45 742 961
10 720 111
800 773 320
391 13 234
594 21 99
232 112 126
304 965 351
907 46 310
189 40 168
39 80 443
234 29 846
647 40 56
307 66 548
407 93 878
848 15 186
410 787 593
20
157 816 309
51 78 20
281 125 720
29 881 205
91 476 664
552 985 252
414 753 58
98 261 469
684 57 494
206 276 570
233 731 655
16 226 814
28 617 242
756 600 176
292 259 708
949 52 312
11 452 87
448 919 291
20 20 20
281 54 17
855 390 629
20
387 456 303
689 97 355
440 293 297
33 777 143
148 769 21
729 811 907
17 954 233
761 15 172
102 38 21
22 199 198
614 916 620
42 56 55
603 32 829
139 53 968
689 168 61
14 680 22
952 147 134
307 632 625
290 57 773
10 13 152
